Luke Usher|hcp=13.7|n=34|mean=15.4|sd=3.3|diffs=19,14,20,8,16,10,17,15,14,11,20,16,16,13,10,17,14,22,12,16,16,14,19,14,14,15,21,15,19,12,18,14,17,17|mix=0/9/175/254/91/17
Dom Mills|hcp=26.0|n=21|mean=29.4|sd=8.8|diffs=20,30,18,22,24,32,30,40,29,23,21,27,31,29,29,37,28,28,30,30,60|mix=0/6/53/129/113/70
Josh Menzies|hcp=14.4|n=27|mean=19.1|sd=5.1|diffs=17,15,26,10,14,19,21,24,13,21,9,15,22,15,24,18,28,13,19,28,22,18,20,25,16,21,22|mix=0/23/141/169/97/47
Tom Bucknall|hcp=25.8|n=16|mean=30.7|sd=4.9|diffs=22,27,28,30,31,28,31,29,30,41,25,31,34,40,29,35|mix=0/2/24/90/101/56
Alex Mulvin|hcp=12.2|n=52|mean=17.8|sd=4.4|diffs=20,22,26,19,18,17,14,15,19,18,16,16,17,16,17,26,15,21,19,14,17,7,13,18,11,20,16,14,17,14,16,13,22,20,22,17,19,17,24,20,19,25,17,18,13,30,14,26,13,9,19,22|mix=0/15/255/448/159/50
Matt Petty|hcp=14.6|n=16|mean=19.9|sd=5.8|diffs=17,21,17,14,12,26,20,25,17,15,26,31,23,10,21,24|mix=0/8/81/108/58/32
Ben West|hcp=20.6|n=89|mean=26.2|sd=6.4|diffs=21,19,20,23,27,28,25,26,21,35,30,47,33,37,29,11,39,31,37,32,34,32,40,32,24,22,16,30,23,28,31,26,25,20,31,24,32,29,23,32,25,16,27,24,22,27,29,25,26,34,36,21,17,27,27,26,26,32,27,30,16,18,23,18,22,16,24,33,24,26,21,23,25,23,28,32,23,31,25,19,22,27,30,18,35,16,15,20,29|mix=1/38/314/555/384/288
Matt Holland|hcp=19.2|n=6|mean=27|sd=6.1|diffs=39,26,27,24,23,23|mix=0/3/13/34/41/13
Mark Sturgess|hcp=20.3|n=15|mean=26.3|sd=5.8|diffs=38,31,27,19,25,27,34,30,19,23,28,24,16,27,26|mix=0/2/23/115/102/25
Rob Parfitt|hcp=20.5|n=27|mean=28.3|sd=7.1|diffs=25,29,36,18,25,38,38,36,38,25,33,33,30,27,24,12,20,26,27,33,30,31,26,12,27,32,34|mix=0/10/58/151/144/88
Eamonn Brady|hcp=16.3|n=91|mean=20.5|sd=5.1|diffs=34,17,23,25,26,28,16,26,21,19,17,25,30,25,20,31,19,13,21,18,11,23,19,31,20,21,20,26,16,18,23,21,15,28,20,22,18,14,20,14,18,25,20,19,23,11,15,25,26,21,22,22,18,16,25,21,30,18,14,23,22,24,18,7,20,24,17,20,19,18,14,20,10,19,22,13,20,17,18,28,31,18,20,20,18,16,20,31,23,18,17|mix=0/44/387/665/376/146
Gabe Hills|hcp=18.0|n=17|mean=23.5|sd=5.1|diffs=23,21,24,16,16,27,17,25,28,28,24,18,19,25,34,24,30|mix=0/4/65/121/74/40
Dong Ming Lau|hcp=19.8|n=44|mean=23.5|sd=6.3|diffs=27,30,15,13,19,18,22,24,26,27,21,31,23,25,16,32,28,32,18,9,17,33,17,15,23,20,25,30,30,26,26,25,32,25,23,21,18,33,11,33,25,22,20,28|mix=2/20/189/283/165/121
Luke Holland|hcp=13.6|n=41|mean=17.3|sd=5.4|diffs=16,20,19,24,12,7,17,13,15,15,13,13,17,17,19,26,16,10,13,27,27,27,9,17,16,22,18,15,20,16,20,11,17,15,12,21,10,15,18,31,22|mix=0/28/248/256/148/56
Jay France|hcp=10.0|n=21|mean=14.7|sd=4.9|diffs=13,15,11,13,12,14,6,10,7,17,20,15,13,23,19,20,18,23,8,13,19|mix=0/21/120/143/64/16
Chris Best|hcp=24.0|n=9|mean=31.8|sd=3.8|diffs=35,26,32,32,26,38,33,32,32|mix=0/0/16/42/47/39
Dave Huddleston|hcp=21.0|n=10|mean=26.2|sd=8.6|diffs=16,22,26,27,32,33,42,12,23,29|mix=0/1/25/65/35/25
Jack Mulroy|hcp=22.8|n=85|mean=28.6|sd=5.6|diffs=24,30,36,24,23,27,22,26,32,25,31,32,30,29,30,28,31,29,31,35,38,32,34,21,31,33,24,32,32,25,36,26,27,34,21,36,27,23,39,28,23,34,24,22,29,32,32,33,22,30,27,31,28,28,28,26,18,34,24,22,36,28,24,19,33,28,27,38,24,22,19,19,22,18,37,48,27,30,27,26,28,29,30,37,36|mix=1/19/244/520/405/303
Theo Sims-Harris|hcp=18.1|n=12|mean=22.8|sd=4.8|diffs=29,20,21,28,25,19,24,24,13,22,29,19|mix=0/4/56/72/52/31
Josh Evans|hcp=12.0|n=9|mean=14.6|sd=6.7|diffs=14,17,3,23,18,4,17,17,18|mix=1/5/48/69/21/8
